<!DOCTYPE html>
<html lang="en">
<head>
<meta charset="UTF-8">
<meta name="viewport" content="width=device-width, initial-scale=1.0">
<title>Exploratory Analyses Inspired by the Seeley Lab</title>
<style>
*, *::before, *::after { box-sizing: border-box; margin: 0; padding: 0; }
body { font-family: Georgia, 'Times New Roman', serif; font-size: 18px; line-height: 1.65; color: #1a1a1a; background: #fff; padding: 0 1rem; }
.page { max-width: 680px; margin: 0 auto; padding: 3rem 0 5rem; }
h1 { font-size: 1.5rem; line-height: 1.25; font-weight: bold; margin-bottom: 0.4rem; }
h2 { font-size: 1.1rem; font-weight: bold; margin: 2.4rem 0 0.5rem; }
p  { margin-bottom: 1rem; }
a  { color: #1a1a1a; }
.byline { color: #555; font-size: 0.9rem; margin-bottom: 2.4rem; font-family: system-ui, sans-serif; line-height: 1.6; }
hr { border: none; border-top: 1px solid #ddd; margin: 2.4rem 0; }
.section-nav { font-family: system-ui, sans-serif; font-size: 0.82rem; color: #888; margin-bottom: 2.4rem; }
.section-nav a { color: #555; margin-right: 1rem; text-decoration: none; }
.experiment { border-left: 3px solid #1a1a1a; padding-left: 1.2rem; margin: 1.5rem 0; }
.exp-label { font-family: system-ui, sans-serif; font-size: 0.75rem; text-transform: uppercase; letter-spacing: 0.08em; color: #777; margin-bottom: 0.3rem; }
.exp-title { font-weight: bold; font-size: 1rem; margin-bottom: 0.6rem; }
.metric-row { display: flex; gap: 2rem; margin: 1rem 0; flex-wrap: wrap; font-family: system-ui, sans-serif; }
.metric { display: flex; flex-direction: column; }
.metric-val { font-size: 1.5rem; font-weight: bold; line-height: 1; }
.metric-desc { color: #666; font-size: 0.8rem; margin-top: 0.15rem; }
.label-inline { font-family: system-ui, sans-serif; font-size: 0.75rem; text-transform: uppercase; letter-spacing: 0.07em; color: #888; margin: 0.4rem 0; display: block; }
figcaption { font-family: system-ui, sans-serif; font-size: 0.78rem; color: #777; margin-top: 0.5rem; line-height: 1.45; }
.panel { border: 1px solid #e0e0e0; border-radius: 2px; padding: 1rem 1.1rem; margin: 1rem 0; background: #fcfcfc; }
.controls { display: flex; gap: 0.35rem; flex-wrap: wrap; align-items: center; margin-bottom: 0.7rem; }
.tgl { background: #fff; border: 1px solid #ccc; border-radius: 3px; padding: 3px 9px; font-family: system-ui, sans-serif; font-size: 0.75rem; cursor: pointer; color: #555; }
.tgl.active { background: #2d6a8e; color: #fff; border-color: #2d6a8e; }
.twocol { display: flex; gap: 12px; flex-wrap: wrap; }
.twocol > div { flex: 1; min-width: 240px; }
svg.viz { width: 100%; display: block; background: #fff; }
.readout { font-family: system-ui, sans-serif; font-size: 0.85rem; background: #eaf1f5; border-radius: 3px; padding: 0.6rem 0.85rem; margin-top: 0.6rem; line-height: 1.5; }
.readout b { color: #2d6a8e; }
.bars { font-family: system-ui, sans-serif; font-size: 0.78rem; margin-top: 0.4rem; }
.bar-row { display: flex; align-items: center; gap: 8px; margin: 3px 0; }
.bar-lbl { width: 150px; text-align: right; color: #444; flex-shrink: 0; }
.bar-track { flex: 1; position: relative; height: 17px; background: #f2f2f2; }
.bar-mid { position: absolute; left: 50%; top: 0; width: 1px; height: 100%; background: #bbb; }
.bar-fill { position: absolute; top: 0; height: 100%; }
.bar-fill.neg { background: #b5442e; }
.bar-fill.pos { background: #7fa8c0; }
.note { font-size: 0.82rem; color: #666; font-family: system-ui, sans-serif; margin-top: 0.6rem; }
#tooltip { position: fixed; pointer-events: none; background: #1a1a1a; color: #fff; border-radius: 3px; padding: 6px 10px; font-family: system-ui, sans-serif; font-size: 0.76rem; z-index: 100; display: none; }
footer { font-family: system-ui, sans-serif; font-size: 0.82rem; color: #888; margin-top: 3rem; padding-top: 1.5rem; border-top: 1px solid #eee; line-height: 1.6; }
</style>
</head>
<body>
<div id="tooltip"></div>
<div class="page">

  <h1>Exploratory Analyses Inspired by the Seeley Lab</h1>
  <div class="byline">
    Cathy Liu &nbsp;&middot;&nbsp; Computational Neuroscience &nbsp;&middot;&nbsp; cathyliu014@gmail.com<br>
    Prepared for the Selective Vulnerability Research Lab, UCSF Memory and Aging Center<br>
    Personal exploratory project, July 2026
  </div>

  <div class="section-nav">
    <a href="#motivation">Motivation</a>
    <a href="#a1">Epicenter test</a>
    <a href="#a2">Across disorders</a>
    <a href="#relevance">Relevance</a>
  </div>

  <p>
    The lab's central question is selective vulnerability: why does each neurodegenerative disease attack a
    particular set of brain regions and leave others untouched. A large part of the answer, from this lab's own
    work, is that diseases do not hit random regions. They target connected networks. The idea is that pathology
    starts at an epicenter and spreads to the regions wired to it, so a region's fate depends on how it is
    connected rather than where it sits.
  </p>
  <p>
    That gives a clean prediction I could test on real data. If the network idea is right, the regions most
    strongly connected to a disease epicenter should be the ones that lose the most tissue. Below I take real
    cortical atrophy maps for a set of disorders and a healthy brain wiring map, place each disorder's epicenter,
    and check whether connectivity to it tracks atrophy.
  </p>

  <hr id="motivation">

  <h2>How the test works</h2>
  <p>
    The atrophy maps are group cortical-thinning measures across 68 regions from the ENIGMA consortium, one map
    per disorder. The wiring map is a healthy connectome from the Human Connectome Project, measured either as
    functional coupling or structural fibers. For each disorder I define the epicenter as the single region with
    the most thinning, then, across all other regions, I compare their connectivity to that epicenter against how
    much they have thinned. A negative relationship means better-connected regions are more atrophied, which is
    what the network idea predicts.
  </p>

  <hr id="a1">

  <h2>Analysis 1 &mdash; Does connectivity to the epicenter track atrophy?</h2>
  <div class="experiment">
    <div class="exp-label">Method</div>
    <div class="exp-title">Seed the peak-atrophy epicenter, then relate connectivity to thinning</div>
    <p style="margin-top:0.6rem; font-size:0.92rem;">
      Pick a disorder. On the left, each dot is one cortical region, laid out as two hemispheres, shaded by how
      much it has thinned. The ringed region is the epicenter, with lines drawn to the regions it connects to most
      strongly. On the right, every region is plotted by its connectivity to the epicenter against its atrophy.
      You can switch between functional and structural wiring, and click any region to move the epicenter.
    </p>
  </div>

  <div class="panel">
    <div class="controls" id="dis-buttons"></div>
    <div class="controls">
      <span style="font-family:system-ui,sans-serif;font-size:0.78rem;color:#555">Wiring:</span>
      <button class="tgl active" id="mFC" onclick="setConn('fc')">functional</button>
      <button class="tgl" id="mSC" onclick="setConn('sc')">structural</button>
    </div>
    <div class="twocol">
      <div>
        <svg id="brain" class="viz" viewBox="0 0 300 300"></svg>
        <figcaption>Cortical map (68 regions, two hemispheres). Red = thinned, blue = thicker. Ring = epicenter.</figcaption>
      </div>
      <div>
        <svg id="scatter" class="viz" viewBox="0 0 300 300"></svg>
        <figcaption>Each region: connectivity to epicenter (x) vs atrophy (y).</figcaption>
      </div>
    </div>
    <div class="readout" id="readout"></div>
  </div>

  <div class="metric-row">
    <div class="metric"><span class="metric-val" id="m-r">-0.44</span><span class="metric-desc">connectivity vs atrophy (r)</span></div>
    <div class="metric"><span class="metric-val" id="m-conn">functional</span><span class="metric-desc">wiring used</span></div>
    <div class="metric"><span class="metric-val" id="m-epi">#58</span><span class="metric-desc">epicenter region</span></div>
  </div>

  <hr id="a2">

  <h2>Analysis 2 &mdash; The pattern across disorders</h2>
  <div class="experiment">
    <div class="exp-label">Result</div>
    <div class="exp-title">Epicenter connectivity versus atrophy, every disorder</div>
  </div>
  <div class="panel">
    <span class="label-inline">connectivity-to-epicenter vs atrophy (functional wiring). Bars left = hypothesis holds.</span>
    <div class="bars" id="sumbars"></div>
  </div>
  <p>
    The relationship is negative for almost every disorder, meaning the better-connected a region is to the
    epicenter, the more it has thinned. It is strongest for right temporal lobe epilepsy, bipolar disorder, OCD,
    and Parkinson's disease. A couple of conditions sit near zero, which is a useful reminder that connectivity is
    one ingredient and not the whole story. That fits where the field has gone next, adding local molecular
    vulnerability on top of the network to explain what connectivity alone misses.
  </p>

  <hr id="relevance">

  <h2>Why this matters for the lab</h2>
  <p>
    This is the lab's own network-degeneration idea, run as a quick reproducible check on open data. The same
    setup is the seed of a prediction tool: given where a patient's disease starts, connectivity ranks which
    regions are likely to be hit next, which is exactly the kind of monitoring the lab wants for progranulin and
    C9orf72 carriers before symptoms appear. It also extends naturally to the lab's cellular work, by asking which
    regions are both well-connected to the epicenter and molecularly primed to be vulnerable.
  </p>

  <h2>What I would bring</h2>
  <p>
    My background is in computational neuroscience and network analysis. I am comfortable with connectomes, atrophy
    and imaging maps, graph metrics, and building small tools that make a model easy to explore and check against
    data. I would be glad to help connect the lab's imaging and neuropathology datasets, and to build models that
    predict where and how fast a given patient's disease will spread.
  </p>

  <h2>Methods note</h2>
  <p style="font-size:0.9rem; color:#444;">
    Data from Hansen et al. 2022, Nature Communications, and its public repository: ENIGMA cortical-thickness
    case-control maps for 13 disorders, and HCP functional and structural group connectomes, all in the Cammoun
    scale-033 parcellation of 68 cortical regions. Region positions are a two-dimensional layout from the real
    inter-region distance matrix. Epicenter is the region of greatest thinning; the statistic is the Pearson
    correlation between each region's connectivity to the epicenter and its cortical thickness change. This is
    group-level, cortical, and correlational. ENIGMA does not include FTD, so Parkinson's stands in as the
    neurodegenerative case here, and the lab's own studies use patient-specific epicenters and longitudinal
    follow-up, which this simple version does not.
  </p>

  <footer>
    Cathy Liu &nbsp;&middot;&nbsp; cathyliu014@gmail.com &nbsp;&middot;&nbsp; 415-216-3799<br>
    Epilepsy neurostimulation project, <a href="https://arxiv.org/abs/2606.04339">arXiv:2606.04339</a>
  </footer>

</div>

<script>
const D={"disorders":[{"d":"22q","name":"22q11.2 deletion"},{"d":"adhd","name":"ADHD"},{"d":"asd","name":"Autism"},{"d":"epilepsy_gge","name":"Epilepsy (generalized)"},{"d":"epilepsy_rtle","name":"Epilepsy (R temporal)"},{"d":"epilepsy_ltle","name":"Epilepsy (L temporal)"},{"d":"depression","name":"Depression"},{"d":"ocd","name":"OCD"},{"d":"schizophrenia","name":"Schizophrenia"},{"d":"bipolar","name":"Bipolar"},{"d":"obesity","name":"Obesity"},{"d":"schizotypy","name":"Schizotypy"},{"d":"park","name":"Parkinson\u2019s"}],"ct":[[0.42,0.03,0.0,-0.1072,0.0261,-0.116,-0.12,-0.108,-0.358,-0.207,-0.1268,0.005,-0.141],[0.36,-0.01,0.04,-0.1217,-0.1546,-0.139,-0.07,-0.069,-0.339,-0.241,-0.0861,-0.013,-0.086],[0.14,0.08,0.04,0.0391,-0.0286,-0.1,-0.062,0.021,-0.207,-0.102,-0.0402,0.05,-0.094],[0.61,-0.08,0.08,-0.1062,0.1477,-0.073,-0.131,-0.102,-0.244,-0.23,-0.1773,0.067,-0.067],[0.44,-0.03,0.05,-0.0214,-0.1652,-0.285,-0.031,-0.056,-0.373,-0.231,-0.1172,0.008,-0.027],[0.34,-0.01,-0.03,-0.0839,-0.2711,-0.156,-0.017,-0.062,-0.424,-0.248,-0.206,0.006,-0.026],[0.8,0.03,0.11,-0.0463,-0.026,-0.242,-0.038,-0.091,-0.313,-0.264,-0.1218,-0.008,-0.047],[0.53,-0.04,0.11,-0.0996,-0.2982,-0.365,-0.078,-0.038,-0.397,-0.256,-0.1988,0.013,-0.11],[0.63,-0.02,0.06,-0.1739,-0.3051,-0.441,0.006,-0.079,-0.317,-0.208,-0.1287,0.003,-0.04],[0.42,-0.06,0.09,-0.3903,-0.5196,-0.492,-0.022,-0.037,-0.317,-0.179,-0.199,-0.038,-0.052],[0.56,-0.01,-0.05,-0.1332,-0.4214,-0.378,-0.006,0.009,-0.216,-0.14,-0.1357,-0.02,-0.052],[0.16,-0.09,0.01,-0.026,0.2542,0.2,-0.098,0.005,-0.12,-0.087,-0.0707,0.025,-0.01],[-0.03,-0.11,0.03,0.0525,0.0605,-0.06,-0.08,-0.038,-0.152,-0.063,-0.0651,0.025,-0.027],[-0.13,-0.11,0.05,0.0817,-0.0866,-0.15,-0.093,-0.057,-0.31,-0.166,-0.2053,0.013,-0.156],[-0.09,0.04,0.05,0.0209,0.1437,-0.007,-0.071,-0.052,-0.308,-0.183,-0.1096,-0.039,-0.178],[0.43,0.05,-0.07,0.0575,-0.3572,-0.333,0.028,0.036,-0.281,-0.075,-0.0366,-0.017,-0.104],[0.71,0.02,-0.09,-0.0708,-0.2732,-0.303,-0.053,0.003,-0.386,-0.184,-0.1106,0.003,-0.153],[0.3,0.1,-0.09,-0.1345,-0.4885,-0.474,0.032,-0.047,-0.219,-0.158,-0.0186,-0.016,-0.174],[0.22,0.08,-0.05,-0.0265,-0.2444,-0.28,-0.041,-0.14,-0.348,-0.258,-0.0778,0.024,-0.194],[0.49,0.04,-0.08,-0.0918,-0.4592,-0.473,0.005,-0.101,-0.304,-0.188,-0.1424,-0.02,-0.193],[0.58,0.11,-0.06,-0.0797,-0.2468,-0.198,0.049,-0.033,-0.226,-0.029,-0.0375,0.004,-0.108],[0.68,0.04,-0.01,-0.0742,-0.2281,-0.163,0.081,0.025,-0.086,0.015,-0.017,0.019,-0.058],[0.18,0.14,-0.02,-0.0471,-0.3658,-0.254,0.005,-0.072,-0.342,-0.219,-0.041,0.009,-0.167],[0.55,0.11,-0.02,-0.0603,-0.2773,-0.156,-0.012,-0.044,-0.386,-0.197,-0.0672,-0.019,-0.094],[0.29,-0.01,-0.19,0.0251,-0.1685,-0.197,-0.116,-0.089,-0.536,-0.267,-0.3249,-0.001,-0.117],[-0.3,0.1,-0.11,0.001,-0.1753,-0.126,-0.061,-0.08,-0.285,-0.086,-0.1539,-0.003,-0.108],[-0.01,-0.06,-0.24,-0.1527,-0.181,-0.094,-0.055,0.014,-0.15,-0.084,-0.0794,0.007,-0.1],[0.01,-0.02,-0.14,-0.276,-0.2814,-0.033,0.013,0.015,-0.236,-0.059,-0.1236,0.022,-0.096],[0.34,0.0,-0.16,-0.0943,-0.1112,-0.047,-0.117,-0.059,-0.439,-0.189,-0.204,-0.026,-0.141],[0.42,0.02,-0.12,-0.0653,-0.1609,-0.067,-0.088,-0.098,-0.379,-0.219,-0.21,0.031,-0.134],[-0.01,0.01,-0.07,0.0968,-0.1792,-0.113,-0.074,0.005,-0.355,-0.125,-0.1609,0.034,-0.122],[-0.32,0.04,-0.15,0.0421,-0.226,-0.165,-0.031,0.014,-0.438,-0.194,-0.2511,0.024,-0.077],[0.06,-0.02,-0.24,-0.072,-0.2379,-0.161,-0.051,-0.024,-0.262,-0.109,-0.1053,0.012,-0.068],[0.63,-0.01,-0.09,-0.0304,-0.109,0.069,-0.115,-0.065,-0.406,-0.168,-0.1202,-0.013,-0.077],[0.47,0.03,0.0,0.0924,-0.0175,-0.06,-0.046,-0.096,-0.398,-0.216,-0.123,0.006,-0.125],[0.44,-0.01,0.04,0.002,-0.1892,-0.15,-0.073,-0.05,-0.319,-0.246,-0.0796,0.01,-0.11],[0.1,0.08,0.04,-0.0174,-0.0778,-0.063,-0.011,-0.048,-0.214,-0.118,-0.0857,0.046,-0.011],[0.56,-0.08,0.08,-0.0015,0.0824,0.041,-0.134,-0.084,-0.231,-0.199,-0.087,0.057,-0.098],[0.5,-0.03,0.05,-0.0144,-0.1509,-0.282,-0.054,-0.032,-0.341,-0.27,-0.0424,-0.012,-0.051],[0.57,-0.01,-0.03,-0.0243,-0.1534,-0.2,-0.063,-0.083,-0.375,-0.293,-0.139,-0.012,-0.02],[0.7,0.03,0.11,0.0185,-0.1555,-0.203,-0.037,-0.095,-0.362,-0.276,-0.0965,0.004,-0.088],[0.49,-0.04,0.11,-0.014,-0.3545,-0.411,-0.066,-0.069,-0.425,-0.233,-0.15,-0.003,-0.104],[0.51,-0.02,0.06,-0.2018,-0.3005,-0.403,-0.014,-0.09,-0.363,-0.266,-0.1686,0.007,-0.135],[0.42,-0.06,0.09,-0.3415,-0.4153,-0.466,-0.02,-0.023,-0.343,-0.211,-0.202,-0.01,-0.104],[0.55,-0.01,-0.05,-0.1777,-0.5048,-0.426,-0.003,-0.013,-0.253,-0.137,-0.1537,-0.046,-0.109],[0.22,-0.09,0.01,-0.0379,0.0031,0.061,-0.13,-0.074,-0.182,-0.153,-0.0947,0.036,0.007],[-0.21,-0.11,0.03,0.0866,-0.0221,0.181,-0.042,0.003,-0.119,-0.095,-0.0554,0.019,0.043],[-0.13,-0.11,0.05,0.0313,-0.0571,-0.012,-0.099,-0.071,-0.298,-0.112,-0.1778,0.027,-0.082],[0.3,0.04,0.05,0.0043,0.0812,-0.021,-0.104,-0.068,-0.309,-0.132,-0.1275,-0.023,-0.177],[0.61,0.05,-0.07,0.0546,-0.3328,-0.327,0.036,-0.023,-0.261,-0.096,-0.0402,-0.004,-0.11],[0.6,0.02,-0.09,-0.1441,-0.3598,-0.286,-0.045,-0.052,-0.395,-0.253,-0.1446,-0.022,-0.131],[0.27,0.1,-0.09,-0.1336,-0.4013,-0.472,-0.005,-0.062,-0.209,-0.161,-0.0844,-0.019,-0.145],[0.25,0.08,-0.05,-0.1267,-0.2362,-0.242,-0.063,-0.14,-0.362,-0.265,-0.1213,-0.004,-0.188],[0.37,0.04,-0.08,-0.0356,-0.3831,-0.536,-0.024,-0.097,-0.301,-0.209,-0.1264,0.001,-0.156],[0.52,0.11,-0.06,-0.0912,-0.2865,-0.19,0.047,-0.042,-0.203,-0.056,-0.0156,0.002,-0.112],[0.72,0.04,-0.01,-0.045,-0.2579,-0.198,0.094,0.011,-0.077,0.02,0.033,-0.019,-0.055],[0.22,0.14,-0.02,-0.126,-0.2514,-0.311,-0.023,-0.074,-0.331,-0.156,-0.0587,0.035,-0.166],[0.41,0.11,-0.02,-0.0034,-0.3839,-0.352,0.006,-0.052,-0.349,-0.208,-0.068,-0.013,-0.111],[0.19,-0.01,-0.19,-0.1078,-0.161,-0.359,-0.117,-0.109,-0.491,-0.288,-0.3306,-0.038,-0.198],[-0.59,0.1,-0.11,0.0398,-0.0153,-0.3,-0.072,-0.059,-0.277,-0.022,-0.1063,0.012,-0.122],[0.16,-0.06,-0.24,-0.1878,-0.1138,-0.445,-0.041,-0.062,-0.203,-0.036,-0.1576,-0.019,-0.096],[-0.07,-0.02,-0.14,-0.1661,-0.1465,-0.315,0.012,0.034,-0.246,-0.116,-0.1513,0.019,-0.102],[0.28,0.0,-0.16,-0.0382,-0.0585,-0.207,-0.049,-0.087,-0.449,-0.25,-0.2306,-0.003,-0.193],[0.37,0.02,-0.12,-0.1125,-0.1119,-0.287,-0.09,-0.093,-0.444,-0.252,-0.227,-0.002,-0.156],[-0.03,0.01,-0.07,-0.0768,-0.2189,-0.1,-0.058,-0.06,-0.352,-0.207,-0.1724,0.019,-0.104],[-0.5,0.04,-0.15,-0.0254,-0.137,-0.399,0.012,-0.007,-0.44,-0.209,-0.2434,0.001,-0.096],[-0.22,-0.02,-0.24,-0.101,-0.3121,-0.141,-0.035,-0.004,-0.253,-0.12,-0.1823,0.035,-0.072],[0.87,-0.01,-0.09,-0.0633,-0.0234,0.153,-0.111,-0.065,-0.408,-0.198,-0.179,-0.002,-0.036]],"fc":[[0.0,0.347,0.127,0.2144,0.3802,0.3428,0.3982,0.3664,0.3452,0.2214,0.1687,0.1792,0.213,0.2642,0.1929,0.1875,0.3053,0.2288,0.3519,0.2676,0.1806,0.2316,0.2145,0.2105,0.2178,0.1386,0.099,0.081,0.283,0.313,0.2201,0.2514,0.2137,0.3028,0.2756,0.1947,0.0594,0.1176,0.2525,0.2713,0.3013,0.2596,0.2577,0.2131,0.1664,0.1677,0.1878,0.2517,0.1759,0.1832,0.3059,0.2315,0.2738,0.2382,0.1777,0.2315,0.2276,0.2175,0.2249,0.1368,0.0839,0.0618,0.2559,0.2213,0.1878,0.2336,0.2228,0.2574],[0.347,0.0,0.2374,0.1675,0.3598,0.2617,0.3887,0.3924,0.4659,0.1064,0.0802,0.0922,0.037,0.144,0.1644,0.1277,0.1735,0.0907,0.4548,0.1833,0.0601,0.1315,0.1591,0.111,0.1626,0.1021,0.0897,0.1103,0.3062,0.5084,0.2161,0.1995,0.1441,0.1263,0.2205,0.4389,0.1268,0.1208,0.2997,0.2401,0.2499,0.2732,0.3819,0.0991,0.0913,0.0795,0.0135,0.1395,0.1578,0.1171,0.2318,0.0891,0.3858,0.1592,0.0556,0.1297,0.172,0.1187,0.1678,0.1051,0.0742,0.1075,0.2852,0.4076,0.2243,0.1842,0.1469,0.0991],[0.127,0.2374,0.0,0.2451,0.0725,0.0042,0.1124,0.2416,0.1913,0.0511,0.0704,0.1227,-0.0083,0.0671,0.1994,0.1115,0.0104,0.0392,0.2548,0.2176,0.051,0.0756,0.1035,0.0797,0.1187,0.1029,0.0555,0.1139,0.1281,0.3243,0.122,0.141,0.0809,0.0441,0.0774,0.1533,0.2208,0.1993,0.0812,0.0398,0.0619,0.199,0.1882,0.0452,0.0807,0.127,-0.0145,0.0745,0.2039,0.1072,0.0408,0.034,0.2623,0.2242,0.0503,0.0758,0.106,0.0836,0.1153,0.1094,0.0476,0.1086,0.103,0.2884,0.1369,0.1357,0.0835,0.0323],[0.2144,0.1675,0.2451,0.0,0.0408,-0.0272,0.0825,0.2877,0.1789,0.0983,0.1279,0.29,0.0487,0.1276,0.322,0.1765,0.0128,0.0636,0.2771,0.3163,0.0978,0.1285,0.1413,0.1303,0.178,0.1963,0.0859,0.1421,0.1482,0.3283,0.1344,0.2091,0.1402,0.1031,0.1235,0.1399,0.1957,0.3539,0.0512,0.0152,0.0697,0.2826,0.1942,0.0903,0.1409,0.2841,0.0442,0.1428,0.3307,0.172,0.024,0.0568,0.3048,0.3333,0.0949,0.1297,0.1405,0.1389,0.1741,0.2097,0.0778,0.1382,0.1207,0.2956,0.1325,0.1988,0.1451,0.0906],[0.3802,0.3598,0.0725,0.0408,0.0,0.618,0.4565,0.4566,0.3876,0.3607,0.2351,0.1066,0.3241,0.3159,0.1133,0.2414,0.5029,0.3324,0.3626,0.2519,0.2509,0.2881,0.2832,0.2814,0.2821,0.1204,0.0853,0.0712,0.3552,0.3559,0.4179,0.3607,0.2608,0.4016,0.3202,0.2078,0.0288,0.0257,0.47,0.4865,0.367,0.3035,0.2616,0.3392,0.2222,0.0887,0.2976,0.3027,0.0892,0.2342,0.4807,0.3323,0.2367,0.1993,0.2515,0.2898,0.295,0.2844,0.292,0.1037,0.0863,0.0698,0.3014,0.2387,0.3291,0.3346,0.2758,0.3718],[0.3428,0.2617,0.0042,-0.0272,0.618,0.0,0.5369,0.4477,0.4258,0.4461,0.2699,0.0744,0.3698,0.3515,0.0884,0.2743,0.6101,0.4151,0.3775,0.2604,0.2878,0.3061,0.2772,0.3115,0.2848,0.1147,0.0779,0.0256,0.3559,0.2683,0.3744,0.3452,0.272,0.4548,0.2763,0.116,-0.0376,-0.0441,0.3657,0.4921,0.4175,0.2585,0.2526,0.4183,0.2491,0.0417,0.3423,0.3176,0.0484,0.2683,0.5459,0.4126,0.2055,0.1841,0.291,0.3095,0.2946,0.3118,0.2921,0.0871,0.0737,0.0229,0.3021,0.1335,0.2764,0.3206,0.2891,0.4159],[0.3982,0.3887,0.1124,0.0825,0.4565,0.5369,0.0,0.6009,0.6653,0.3179,0.2247,0.2084,0.3432,0.4722,0.2844,0.2369,0.5437,0.4028,0.6545,0.5012,0.2827,0.3423,0.3078,0.3103,0.2585,0.1669,0.099,0.0275,0.3976,0.4215,0.2728,0.2949,0.2791,0.3711,0.2676,0.129,-0.0033,0.0039,0.205,0.3292,0.648,0.3267,0.4091,0.2994,0.2165,0.1638,0.2937,0.4058,0.2255,0.2342,0.5141,0.4045,0.4244,0.4097,0.2791,0.3394,0.3326,0.3201,0.2671,0.1543,0.0758,0.0091,0.3321,0.2162,0.1968,0.2671,0.2938,0.3312],[0.3664,0.3924,0.2416,0.2877,0.4566,0.4477,0.6009,0.0,0.5992,0.4648,0.3769,0.3194,0.3781,0.4553,0.4022,0.4251,0.49,0.3875,0.635,0.5805,0.3273,0.3817,0.338,0.379,0.3504,0.2549,0.1285,0.1453,0.4058,0.5955,0.4136,0.4457,0.3551,0.4138,0.3024,0.2224,0.1684,0.2278,0.3073,0.3787,0.4938,0.6302,0.4613,0.4444,0.3687,0.3182,0.3349,0.4288,0.3795,0.4236,0.4774,0.3827,0.5128,0.5372,0.3296,0.3862,0.3508,0.389,0.3509,0.2528,0.114,0.1422,0.3256,0.4504,0.3477,0.4296,0.3775,0.3939],[0.3452,0.4659,0.1913,0.1789,0.3876,0.4258,0.6653,0.5992,0.0,0.2889,0.2057,0.1568,0.1959,0.3287,0.334,0.2523,0.4076,0.3536,0.7516,0.5193,0.215,0.3001,0.256,0.2798,0.3007,0.2336,0.1095,0.0852,0.4294,0.5528,0.3032,0.3031,0.244,0.2546,0.2367,0.2441,0.0818,0.1123,0.242,0.3205,0.4961,0.3884,0.5707,0.2786,0.2127,0.1418,0.1624,0.2962,0.2886,0.2465,0.4327,0.3601,0.5711,0.4411,0.2119,0.3005,0.2828,0.2924,0.3114,0.226,0.0926,0.0757,0.387,0.3733,0.2661,0.2863,0.2616,0.2344],[0.2214,0.1064,0.0511,0.0983,0.3607,0.4461,0.3179,0.4648,0.2889,0.0,0.6267,0.0809,0.3658,0.3514,0.1968,0.7846,0.6852,0.6501,0.3304,0.3514,0.5035,0.4108,0.4365,0.5163,0.4711,0.2189,0.1064,0.0917,0.3933,0.2638,0.453,0.5483,0.3999,0.5557,0.2212,0.1099,0.0603,0.1235,0.2984,0.4047,0.3302,0.434,0.261,0.8016,0.592,0.0964,0.3798,0.3556,0.1858,0.733,0.5763,0.617,0.2803,0.3128,0.5094,0.4202,0.4315,0.5011,0.454,0.1848,0.1094,0.0994,0.3462,0.2315,0.3931,0.5284,0.4187,0.5338],[0.1687,0.0802,0.0704,0.1279,0.2351,0.2699,0.2247,0.3769,0.2057,0.6267,0.0,0.1021,0.2798,0.3402,0.2233,0.6224,0.4794,0.4921,0.2858,0.3642,0.4252,0.3343,0.3486,0.4329,0.3776,0.2132,0.092,0.0867,0.2905,0.2379,0.3599,0.4558,0.3411,0.4283,0.1805,0.0992,0.0784,0.1462,0.2219,0.2812,0.26,0.3765,0.2155,0.6005,0.6057,0.1234,0.2972,0.3278,0.2163,0.6037,0.4296,0.4773,0.2722,0.3376,0.4286,0.3415,0.3453,0.4203,0.3674,0.19,0.0952,0.0953,0.2643,0.2254,0.331,0.4513,0.3606,0.4255],[0.1792,0.0922,0.1227,0.29,0.1066,0.0744,0.2084,0.3194,0.1568,0.0809,0.1021,0.0,0.1884,0.2353,0.2638,0.1104,0.0895,0.0716,0.2204,0.2961,0.1127,0.1621,0.14,0.1288,0.105,0.1253,0.0626,0.0746,0.0984,0.2234,0.1,0.1644,0.1639,0.1631,0.1535,0.0269,0.0951,0.2039,0.0374,0.0419,0.1619,0.2503,0.1116,0.0702,0.1079,0.3432,0.1569,0.2251,0.2619,0.1125,0.0753,0.0649,0.1896,0.2999,0.1116,0.1601,0.1426,0.1362,0.1045,0.1401,0.0553,0.0705,0.0559,0.162,0.069,0.1542,0.1705,0.1525],[0.213,0.037,-0.0083,0.0487,0.3241,0.3698,0.3432,0.3781,0.1959,0.3658,0.2798,0.1884,0.0,0.3787,0.1688,0.2817,0.4357,0.3496,0.2237,0.2993,0.3109,0.3208,0.2621,0.3176,0.238,0.1287,0.0667,0.0264,0.218,0.1387,0.2405,0.2826,0.276,0.3991,0.2178,0.012,-0.0024,0.0488,0.2078,0.2978,0.3339,0.2864,0.1378,0.3611,0.2589,0.176,0.3963,0.3479,0.1501,0.2876,0.3851,0.3505,0.1561,0.272,0.3149,0.3232,0.2672,0.3185,0.2444,0.1196,0.072,0.0331,0.1906,0.0936,0.1813,0.2809,0.291,0.3986],[0.2642,0.144,0.0671,0.1276,0.3159,0.3515,0.4722,0.4553,0.3287,0.3514,0.3402,0.2353,0.3787,0.0,0.3383,0.31,0.4673,0.3774,0.4201,0.4924,0.3329,0.3512,0.3074,0.3417,0.2573,0.1704,0.0914,0.0452,0.2818,0.2952,0.2587,0.3171,0.3112,0.3968,0.2351,0.0687,0.0348,0.0941,0.1742,0.2506,0.4123,0.3215,0.2262,0.3398,0.3015,0.2271,0.349,0.494,0.2976,0.316,0.4334,0.3754,0.3266,0.4511,0.3307,0.3475,0.3171,0.3445,0.266,0.1693,0.0835,0.0479,0.2452,0.209,0.1961,0.3107,0.3299,0.3881],[0.1929,0.1644,0.1994,0.322,0.1133,0.0884,0.2844,0.4022,0.334,0.1968,0.2233,0.2638,0.1688,0.3383,0.0,0.2646,0.1779,0.2419,0.4846,0.6027,0.2812,0.3204,0.2653,0.3328,0.2748,0.301,0.1005,0.1117,0.2344,0.3961,0.2071,0.2814,0.243,0.2133,0.1692,0.1136,0.1617,0.2811,0.0832,0.0945,0.2606,0.3545,0.3045,0.1881,0.23,0.291,0.1609,0.3321,0.4915,0.2636,0.1874,0.2355,0.4727,0.5848,0.2766,0.3167,0.2679,0.3261,0.2771,0.2947,0.0906,0.1135,0.2014,0.3358,0.1904,0.2775,0.2564,0.2069],[0.1875,0.1277,0.1115,0.1765,0.2414,0.2743,0.2369,0.4251,0.2523,0.7846,0.6224,0.1104,0.2817,0.31,0.2646,0.0,0.5523,0.5529,0.3429,0.3868,0.4927,0.3923,0.4126,0.5048,0.4426,0.2411,0.112,0.1203,0.3483,0.3195,0.442,0.5696,0.416,0.5038,0.1995,0.1466,0.1181,0.2024,0.2573,0.315,0.2793,0.4486,0.2839,0.7235,0.6023,0.1442,0.3037,0.3325,0.2684,0.836,0.4752,0.5243,0.3395,0.3729,0.4966,0.4025,0.4044,0.4901,0.4229,0.2182,0.1152,0.1325,0.3135,0.3089,0.4132,0.5521,0.4297,0.4892],[0.3053,0.1735,0.0104,0.0128,0.5029,0.6101,0.5437,0.49,0.4076,0.6852,0.4794,0.0895,0.4357,0.4673,0.1779,0.5523,0.0,0.6987,0.4613,0.3989,0.446,0.406,0.398,0.4692,0.4275,0.186,0.1068,0.0495,0.4881,0.3083,0.4311,0.4794,0.3856,0.5903,0.2664,0.0937,-0.0066,0.0124,0.3117,0.4484,0.4698,0.3444,0.2691,0.6436,0.448,0.0738,0.4292,0.4328,0.1416,0.5305,0.7636,0.6716,0.3029,0.325,0.4484,0.4089,0.4061,0.4603,0.4216,0.1549,0.107,0.0541,0.4229,0.2029,0.3328,0.4509,0.4026,0.5609],[0.2288,0.0907,0.0392,0.0636,0.3324,0.4151,0.4028,0.3875,0.3536,0.6501,0.4921,0.0716,0.3496,0.3774,0.2419,0.5529,0.6987,0.0,0.493,0.48,0.6293,0.5281,0.5853,0.6458,0.6028,0.2683,0.1075,0.0663,0.5192,0.2708,0.3759,0.4319,0.327,0.4667,0.2166,0.0725,0.0348,0.0771,0.2405,0.3387,0.3832,0.3279,0.2813,0.6034,0.4645,0.0779,0.3515,0.3686,0.2057,0.5281,0.5958,0.8799,0.3984,0.4042,0.623,0.5216,0.5812,0.6236,0.5878,0.2184,0.1132,0.0812,0.4615,0.2111,0.3308,0.4254,0.3498,0.4475],[0.3519,0.4548,0.2548,0.2771,0.3626,0.3775,0.6545,0.635,0.7516,0.3304,0.2858,0.2204,0.2237,0.4201,0.4846,0.3429,0.4613,0.493,0.0,0.7328,0.3531,0.3951,0.3981,0.4177,0.4564,0.335,0.139,0.1342,0.5352,0.7072,0.407,0.4077,0.2976,0.3096,0.2511,0.2529,0.1458,0.2042,0.221,0.2811,0.4962,0.4346,0.5583,0.3113,0.2938,0.2176,0.1951,0.3916,0.4366,0.3335,0.4702,0.4778,0.7457,0.6467,0.3456,0.3909,0.4119,0.4256,0.453,0.3184,0.1221,0.1311,0.4579,0.5058,0.3485,0.3825,0.3153,0.2842],[0.2676,0.1833,0.2176,0.3163,0.2519,0.2604,0.5012,0.5805,0.5193,0.3514,0.3642,0.2961,0.2993,0.4924,0.6027,0.3868,0.3989,0.48,0.7328,0.0,0.4648,0.4781,0.374,0.4997,0.4162,0.3789,0.1195,0.1224,0.3677,0.5209,0.3466,0.411,0.3403,0.3556,0.2255,0.0749,0.159,0.2577,0.1323,0.2014,0.4306,0.4407,0.4007,0.3364,0.3583,0.3086,0.2848,0.4731,0.5451,0.3875,0.3903,0.4748,0.6329,0.8215,0.459,0.4743,0.3839,0.5037,0.4192,0.3664,0.1123,0.1212,0.3023,0.3902,0.2889,0.3993,0.3621,0.3446],[0.1806,0.0601,0.051,0.0978,0.2509,0.2878,0.2827,0.3273,0.215,0.5035,0.4252,0.1127,0.3109,0.3329,0.2812,0.4927,0.446,0.6293,0.3531,0.4648,0.0,0.7139,0.5276,0.7833,0.4883,0.2452,0.0849,0.0708,0.3013,0.2276,0.3647,0.4125,0.3304,0.404,0.1897,0.0596,0.055,0.1108,0.2056,0.2694,0.2942,0.2985,0.1977,0.4774,0.4056,0.1267,0.3167,0.3391,0.2598,0.4834,0.39,0.6076,0.3106,0.416,0.8408,0.696,0.5222,0.7651,0.4791,0.2097,0.089,0.0855,0.2631,0.201,0.3237,0.4158,0.3521,0.3973],[0.2316,0.1315,0.0756,0.1285,0.2881,0.3061,0.3423,0.3817,0.3001,0.4108,0.3343,0.1621,0.3208,0.3512,0.3204,0.3923,0.406,0.5281,0.3951,0.4781,0.7139,0.0,0.5367,0.7383,0.4277,0.242,0.0852,0.0594,0.288,0.2545,0.2965,0.3411,0.3527,0.3809,0.2407,0.1138,0.0666,0.1348,0.2407,0.2991,0.3536,0.3493,0.2836,0.4008,0.3223,0.1802,0.3188,0.3639,0.3077,0.3893,0.3821,0.5198,0.3638,0.4472,0.6929,0.8229,0.5311,0.7295,0.4349,0.2264,0.0909,0.0766,0.2757,0.2292,0.2662,0.3491,0.3722,0.3797],[0.2145,0.1591,0.1035,0.1413,0.2832,0.2772,0.3078,0.338,0.256,0.4365,0.3486,0.14,0.2621,0.3074,0.2653,0.4126,0.398,0.5853,0.3981,0.374,0.5276,0.5367,0.0,0.5474,0.5642,0.2088,0.0947,0.0835,0.3913,0.3119,0.3535,0.393,0.2983,0.351,0.2215,0.1647,0.0999,0.1576,0.2557,0.2715,0.315,0.3319,0.2555,0.3957,0.3396,0.1612,0.2599,0.3208,0.2636,0.3951,0.343,0.5324,0.3733,0.3561,0.51,0.5042,0.8653,0.5333,0.5439,0.185,0.0996,0.1072,0.3391,0.2904,0.3376,0.3932,0.3146,0.3356],[0.2105,0.111,0.0797,0.1303,0.2814,0.3115,0.3103,0.379,0.2798,0.5163,0.4329,0.1288,0.3176,0.3417,0.3328,0.5048,0.4692,0.6458,0.4177,0.4997,0.7833,0.7383,0.5474,0.0,0.5634,0.3078,0.0984,0.086,0.3481,0.2851,0.3868,0.4416,0.355,0.4219,0.2206,0.1063,0.0781,0.1427,0.2433,0.3059,0.3272,0.3548,0.2664,0.4945,0.4163,0.1487,0.3223,0.3558,0.2996,0.4965,0.4264,0.6258,0.3835,0.4548,0.7791,0.719,0.5367,0.8055,0.547,0.2581,0.1038,0.1023,0.3143,0.2588,0.3516,0.4468,0.3785,0.4168],[0.2178,0.1626,0.1187,0.178,0.2821,0.2848,0.2585,0.3504,0.3007,0.4711,0.3776,0.105,0.238,0.2573,0.2748,0.4426,0.4275,0.6028,0.4564,0.4162,0.4883,0.4277,0.5642,0.5634,0.0,0.3566,0.1504,0.1402,0.5076,0.3662,0.4015,0.4522,0.2823,0.3622,0.2079,0.1624,0.1104,0.1857,0.2424,0.2787,0.2659,0.3367,0.2853,0.4383,0.367,0.1289,0.2382,0.2751,0.2597,0.4244,0.3832,0.5708,0.4224,0.3785,0.4849,0.4249,0.5379,0.5412,0.6616,0.2817,0.1366,0.1462,0.4193,0.3205,0.3676,0.4377,0.3002,0.3454],[0.1386,0.1021,0.1029,0.1963,0.1204,0.1147,0.1669,0.2549,0.2336,0.2189,0.2132,0.1253,0.1287,0.1704,0.301,0.2411,0.186,0.2683,0.335,0.3789,0.2452,0.242,0.2088,0.3078,0.3566,0.0,0.1138,0.0986,0.232,0.2535,0.1907,0.2567,0.1805,0.1966,0.1224,0.0835,0.0862,0.1815,0.0924,0.1156,0.1581,0.2372,0.2085,0.2098,0.2119,0.1471,0.1286,0.1805,0.2694,0.2349,0.1788,0.2649,0.3167,0.355,0.2457,0.2449,0.2106,0.2989,0.3225,0.2895,0.09,0.0992,0.2062,0.211,0.1709,0.2465,0.1906,0.1882],[0.099,0.0897,0.0555,0.0859,0.0853,0.0779,0.099,0.1285,0.1095,0.1064,0.092,0.0626,0.0667,0.0914,0.1005,0.112,0.1068,0.1075,0.139,0.1195,0.0849,0.0852,0.0947,0.0984,0.1504,0.1138,0.0,0.1092,0.1378,0.1392,0.0967,0.1236,0.0859,0.1083,0.0767,0.0712,0.0421,0.0772,0.0709,0.073,0.0872,0.1154,0.0982,0.1033,0.0912,0.0676,0.0657,0.0939,0.0958,0.1093,0.1061,0.1067,0.1271,0.1148,0.0841,0.0867,0.0964,0.0996,0.1273,0.0837,0.0589,0.0568,0.1218,0.1158,0.0889,0.1146,0.0864,0.1013],[0.081,0.1103,0.1139,0.1421,0.0712,0.0256,0.0275,0.1453,0.0852,0.0917,0.0867,0.0746,0.0264,0.0452,0.1117,0.1203,0.0495,0.0663,0.1342,0.1224,0.0708,0.0594,0.0835,0.086,0.1402,0.0986,0.1092,0.0,0.1419,0.2184,0.1369,0.1747,0.072,0.0935,0.0505,0.0886,0.0968,0.1285,0.0769,0.0513,0.0173,0.1411,0.0925,0.0824,0.0909,0.0832,0.0289,0.0558,0.1152,0.1135,0.0536,0.0599,0.1408,0.1242,0.0702,0.0623,0.0813,0.0854,0.1278,0.0974,0.0549,0.1164,0.0973,0.1908,0.1349,0.1502,0.0723,0.0697],[0.283,0.3062,0.1281,0.1482,0.3552,0.3559,0.3976,0.4058,0.4294,0.3933,0.2905,0.0984,0.218,0.2818,0.2344,0.3483,0.4881,0.5192,0.5352,0.3677,0.3013,0.288,0.3913,0.3481,0.5076,0.232,0.1378,0.1419,0.0,0.4902,0.3765,0.3863,0.2372,0.3245,0.2353,0.2369,0.0924,0.1355,0.2716,0.3063,0.3492,0.3371,0.3617,0.3713,0.288,0.1055,0.21,0.2809,0.2132,0.3313,0.4675,0.5002,0.4474,0.3233,0.2973,0.2871,0.3911,0.3432,0.4658,0.2064,0.1323,0.1347,0.5192,0.3718,0.3342,0.3568,0.2504,0.2998],[0.313,0.5084,0.3243,0.3283,0.3559,0.2683,0.4215,0.5955,0.5528,0.2638,0.2379,0.2234,0.1387,0.2952,0.3961,0.3195,0.3083,0.2708,0.7072,0.5209,0.2276,0.2545,0.3119,0.2851,0.3662,0.2535,0.1392,0.2184,0.4902,0.0,0.4665,0.4608,0.2539,0.2484,0.235,0.3367,0.2333,0.2722,0.287,0.2581,0.3142,0.4654,0.465,0.2388,0.2493,0.233,0.1212,0.2933,0.3863,0.3042,0.3373,0.2535,0.6131,0.4941,0.2214,0.254,0.3098,0.2884,0.3532,0.2505,0.1213,0.213,0.3802,0.6473,0.4213,0.411,0.2618,0.2172],[0.2201,0.2161,0.122,0.1344,0.4179,0.3744,0.2728,0.4136,0.3032,0.453,0.3599,0.1,0.2405,0.2587,0.2071,0.442,0.4311,0.3759,0.407,0.3466,0.3647,0.2965,0.3535,0.3868,0.4015,0.1907,0.0967,0.1369,0.3765,0.4665,0.0,0.6024,0.3105,0.3677,0.2171,0.1832,0.1082,0.1379,0.3578,0.3788,0.273,0.3675,0.2795,0.4284,0.3544,0.1148,0.2416,0.276,0.2024,0.4268,0.4082,0.3614,0.3339,0.321,0.366,0.3029,0.3396,0.3773,0.3804,0.1726,0.0971,0.1428,0.301,0.3755,0.5514,0.5535,0.3244,0.3464],[0.2514,0.1995,0.141,0.2091,0.3607,0.3452,0.2949,0.4457,0.3031,0.5483,0.4558,0.1644,0.2826,0.3171,0.2814,0.5696,0.4794,0.4319,0.4077,0.411,0.4125,0.3411,0.393,0.4416,0.4522,0.2567,0.1236,0.1747,0.3863,0.4608,0.6024,0.0,0.4822,0.4811,0.2352,0.1763,0.1293,0.2099,0.3183,0.3535,0.2884,0.4242,0.2966,0.5161,0.4473,0.1841,0.2861,0.3335,0.2786,0.5466,0.4332,0.4127,0.3649,0.3896,0.4142,0.3485,0.3795,0.431,0.4289,0.2322,0.1204,0.1663,0.3189,0.3782,0.5123,0.6969,0.4726,0.4403],[0.2137,0.1441,0.0809,0.1402,0.2608,0.272,0.2791,0.3551,0.244,0.3999,0.3411,0.1639,0.276,0.3112,0.243,0.416,0.3856,0.327,0.2976,0.3403,0.3304,0.3527,0.2983,0.355,0.2823,0.1805,0.0859,0.072,0.2372,0.2539,0.3105,0.4822,0.0,0.4075,0.2113,0.1236,0.0759,0.1426,0.2224,0.2661,0.2821,0.3346,0.2387,0.3869,0.3344,0.1792,0.2744,0.32,0.2407,0.4061,0.3525,0.3206,0.2731,0.329,0.3313,0.3548,0.2967,0.3549,0.2798,0.1746,0.0866,0.0807,0.2174,0.2248,0.2663,0.4325,0.452,0.3792],[0.3028,0.1263,0.0441,0.1031,0.4016,0.4548,0.3711,0.4138,0.2546,0.5557,0.4283,0.1631,0.3991,0.3968,0.2133,0.5038,0.5903,0.4667,0.3096,0.3556,0.404,0.3809,0.351,0.4219,0.3622,0.1966,0.1083,0.0935,0.3245,0.2484,0.3677,0.4811,0.4075,0.0,0.2601,0.0843,0.0394,0.1049,0.2807,0.3683,0.3439,0.3434,0.2014,0.5304,0.4063,0.1621,0.4011,0.3879,0.1955,0.4878,0.5108,0.4562,0.2404,0.321,0.4075,0.385,0.3533,0.4157,0.3566,0.173,0.1077,0.0836,0.2811,0.1909,0.2987,0.4463,0.4017,0.5334],[0.2756,0.2205,0.0774,0.1235,0.3202,0.2763,0.2676,0.3024,0.2367,0.2212,0.1805,0.1535,0.2178,0.2351,0.1692,0.1995,0.2664,0.2166,0.2511,0.2255,0.1897,0.2407,0.2215,0.2206,0.2079,0.1224,0.0767,0.0505,0.2353,0.235,0.2171,0.2352,0.2113,0.2601,0.0,0.3156,0.1097,0.2346,0.3867,0.3801,0.4052,0.3824,0.336,0.2522,0.1814,0.204,0.2245,0.2859,0.2033,0.2049,0.352,0.2418,0.3219,0.2668,0.1936,0.2441,0.2243,0.2287,0.2378,0.1452,0.1086,0.1039,0.3063,0.3044,0.2426,0.2707,0.2304,0.3087],[0.1947,0.4389,0.1533,0.1399,0.2078,0.116,0.129,0.2224,0.2441,0.1099,0.0992,0.0269,0.012,0.0687,0.1136,0.1466,0.0937,0.0725,0.2529,0.0749,0.0596,0.1138,0.1647,0.1063,0.1624,0.0835,0.0712,0.0886,0.2369,0.3367,0.1832,0.1763,0.1236,0.0843,0.3156,0.0,0.1884,0.2002,0.4555,0.3564,0.334,0.4111,0.4848,0.1421,0.1073,0.0953,0.0288,0.1509,0.1768,0.14,0.2603,0.094,0.4418,0.1535,0.0588,0.1168,0.1565,0.1125,0.1896,0.1138,0.0979,0.1456,0.3737,0.5146,0.2861,0.2144,0.1324,0.1179],[0.0594,0.1268,0.2208,0.1957,0.0288,-0.0376,-0.0033,0.1684,0.0818,0.0603,0.0784,0.0951,-0.0024,0.0348,0.1617,0.1181,-0.0066,0.0348,0.1458,0.159,0.055,0.0666,0.0999,0.0781,0.1104,0.0862,0.0421,0.0968,0.0924,0.2333,0.1082,0.1293,0.0759,0.0394,0.1097,0.1884,0.0,0.2402,0.1306,0.0781,0.0906,0.2644,0.1995,0.0616,0.0874,0.1417,0.0059,0.0765,0.2076,0.1137,0.0453,0.0307,0.2581,0.2218,0.0576,0.0692,0.0907,0.0807,0.1113,0.104,0.0483,0.1172,0.1065,0.3157,0.1605,0.1468,0.0779,0.0431],[0.1176,0.1208,0.1993,0.3539,0.0257,-0.0441,0.0039,0.2278,0.1123,0.1235,0.1462,0.2039,0.0488,0.0941,0.2811,0.2024,0.0124,0.0771,0.2042,0.2577,0.1108,0.1348,0.1576,0.1427,0.1857,0.1815,0.0772,0.1285,0.1355,0.2722,0.1379,0.2099,0.1426,0.1049,0.2346,0.2002,0.2402,0.0,0.1194,0.0723,0.0979,0.3395,0.2318,0.1267,0.1586,0.3089,0.0595,0.1472,0.333,0.1983,0.0494,0.0755,0.3205,0.3239,0.1122,0.1381,0.151,0.1512,0.1904,0.2067,0.0906,0.1517,0.1566,0.3377,0.1678,0.2214,0.1511,0.1221],[0.2525,0.2997,0.0812,0.0512,0.47,0.3657,0.205,0.3073,0.242,0.2984,0.2219,0.0374,0.2078,0.1742,0.0832,0.2573,0.3117,0.2405,0.221,0.1323,0.2056,0.2407,0.2557,0.2433,0.2424,0.0924,0.0709,0.0769,0.2716,0.287,0.3578,0.3183,0.2224,0.2807,0.3867,0.4555,0.1306,0.1194,0.0,0.6415,0.4193,0.4736,0.4433,0.3496,0.2151,0.0873,0.2314,0.2481,0.125,0.2598,0.4525,0.2635,0.3477,0.1849,0.21,0.2496,0.2499,0.2475,0.2783,0.1048,0.1023,0.134,0.3766,0.4411,0.476,0.3829,0.2401,0.3302],[0.2713,0.2401,0.0398,0.0152,0.4865,0.4921,0.3292,0.3787,0.3205,0.4047,0.2812,0.0419,0.2978,0.2506,0.0945,0.315,0.4484,0.3387,0.2811,0.2014,0.2694,0.2991,0.2715,0.3059,0.2787,0.1156,0.073,0.0513,0.3063,0.2581,0.3788,0.3535,0.2661,0.3683,0.3801,0.3564,0.0781,0.0723,0.6415,0.0,0.5232,0.4961,0.479,0.4772,0.2698,0.0786,0.3203,0.3092,0.1204,0.3258,0.5813,0.3765,0.3592,0.2338,0.2779,0.3112,0.2748,0.313,0.3175,0.1215,0.1025,0.0976,0.4066,0.372,0.4711,0.416,0.2934,0.4289],[0.3013,0.2499,0.0619,0.0697,0.367,0.4175,0.648,0.4938,0.4961,0.3302,0.26,0.1619,0.3339,0.4123,0.2606,0.2793,0.4698,0.3832,0.4962,0.4306,0.2942,0.3536,0.315,0.3272,0.2659,0.1581,0.0872,0.0173,0.3492,0.3142,0.273,0.2884,0.2821,0.3439,0.4052,0.334,0.0906,0.0979,0.4193,0.5232,0.0,0.5659,0.617,0.3918,0.257,0.2133,0.3463,0.4633,0.2847,0.2934,0.6227,0.4498,0.5589,0.4828,0.2994,0.3576,0.326,0.3419,0.3082,0.187,0.1093,0.0503,0.4626,0.375,0.2998,0.3277,0.3113,0.3905],[0.2596,0.2732,0.199,0.2826,0.3035,0.2585,0.3267,0.6302,0.3884,0.434,0.3765,0.2503,0.2864,0.3215,0.3545,0.4486,0.3444,0.3279,0.4346,0.4407,0.2985,0.3493,0.3319,0.3548,0.3367,0.2372,0.1154,0.1411,0.3371,0.4654,0.3675,0.4242,0.3346,0.3434,0.3824,0.4111,0.2644,0.3395,0.4736,0.4961,0.5659,0.0,0.6223,0.4807,0.3889,0.3604,0.3313,0.4186,0.4234,0.4568,0.4818,0.3589,0.6074,0.5425,0.3052,0.3585,0.3182,0.3641,0.3515,0.2657,0.134,0.1826,0.4044,0.6026,0.4444,0.4551,0.3536,0.3726],[0.2577,0.3819,0.1882,0.1942,0.2616,0.2526,0.4091,0.4613,0.5707,0.261,0.2155,0.1116,0.1378,0.2262,0.3045,0.2839,0.2691,0.2813,0.5583,0.4007,0.1977,0.2836,0.2555,0.2664,0.2853,0.2085,0.0982,0.0925,0.3617,0.465,0.2795,0.2966,0.2387,0.2014,0.336,0.4848,0.1995,0.2318,0.4433,0.479,0.617,0.6223,0.0,0.326,0.229,0.1812,0.1534,0.3093,0.3574,0.2866,0.4743,0.3375,0.7288,0.4857,0.2012,0.2914,0.2615,0.2833,0.3246,0.2429,0.1189,0.1299,0.496,0.5884,0.3906,0.3365,0.2581,0.2321],[0.2131,0.0991,0.0452,0.0903,0.3392,0.4183,0.2994,0.4444,0.2786,0.8016,0.6005,0.0702,0.3611,0.3398,0.1881,0.7235,0.6436,0.6034,0.3113,0.3364,0.4774,0.4008,0.3957,0.4945,0.4383,0.2098,0.1033,0.0824,0.3713,0.2388,0.4284,0.5161,0.3869,0.5304,0.2522,0.1421,0.0616,0.1267,0.3496,0.4772,0.3918,0.4807,0.326,0.0,0.6005,0.0953,0.3948,0.3644,0.1856,0.7829,0.6476,0.6392,0.3106,0.3168,0.4901,0.4187,0.4083,0.4894,0.4519,0.1895,0.1204,0.1059,0.397,0.2644,0.4286,0.5533,0.4307,0.5703],[0.1664,0.0913,0.0807,0.1409,0.2222,0.2491,0.2165,0.3687,0.2127,0.592,0.6057,0.1079,0.2589,0.3015,0.23,0.6023,0.448,0.4645,0.2938,0.3583,0.4056,0.3223,0.3396,0.4163,0.367,0.2119,0.0912,0.0909,0.288,0.2493,0.3544,0.4473,0.3344,0.4063,0.1814,0.1073,0.0874,0.1586,0.2151,0.2698,0.257,0.3889,0.229,0.6005,0.0,0.1317,0.2839,0.3414,0.2289,0.614,0.4197,0.4675,0.2878,0.3493,0.412,0.332,0.3414,0.4068,0.3629,0.1956,0.0979,0.1022,0.2685,0.2402,0.3333,0.4529,0.3589,0.4138],[0.1677,0.0795,0.127,0.2841,0.0887,0.0417,0.1638,0.3182,0.1418,0.0964,0.1234,0.3432,0.176,0.2271,0.291,0.1442,0.0738,0.0779,0.2176,0.3086,0.1267,0.1802,0.1612,0.1487,0.1289,0.1471,0.0676,0.0832,0.1055,0.233,0.1148,0.1841,0.1792,0.1621,0.204,0.0953,0.1417,0.3089,0.0873,0.0786,0.2133,0.3604,0.1812,0.0953,0.1317,0.0,0.1764,0.2527,0.3195,0.1462,0.0917,0.0757,0.2583,0.3548,0.1282,0.1799,0.1572,0.1592,0.133,0.1745,0.0729,0.0948,0.0947,0.241,0.1046,0.1885,0.1897,0.1675],[0.1878,0.0135,-0.0145,0.0442,0.2976,0.3423,0.2937,0.3349,0.1624,0.3798,0.2972,0.1569,0.3963,0.349,0.1609,0.3037,0.4292,0.3515,0.1951,0.2848,0.3167,0.3188,0.2599,0.3223,0.2382,0.1286,0.0657,0.0289,0.21,0.1212,0.2416,0.2861,0.2744,0.4011,0.2245,0.0288,0.0059,0.0595,0.2314,0.3203,0.3463,0.3313,0.1534,0.3948,0.2839,0.1764,0.0,0.37,0.1509,0.3168,0.408,0.3655,0.163,0.2735,0.3226,0.3223,0.2623,0.3228,0.2494,0.1243,0.0755,0.0418,0.2072,0.1101,0.2011,0.2941,0.2939,0.4134],[0.2517,0.1395,0.0745,0.1428,0.3027,0.3176,0.4058,0.4288,0.2962,0.3556,0.3278,0.2251,0.3479,0.494,0.3321,0.3325,0.4328,0.3686,0.3916,0.4731,0.3391,0.3639,0.3208,0.3558,0.